,Policy0_0,Policy1_1,Policy1_2,Policy1_3,Policy02,Policy03,Policy04,Policy5_1,Policy5_2
Costs A1,1172700000.0,580924400.0,580924400.0,356937500.0,0.0,963216400.0,0.0,1163406983.1288433,1112392609.4403436
Costs A2,154248700.0,190901600.0,190901600.0,376701500.0,69684720.0,59697160.0,156641300.0,152107245.81251833,150737713.78353152
Costs A3,429976100.0,276865600.0,276865600.0,170343100.0,39224540.0,59988190.0,313958800.0,410774747.18057746,413611820.761835
Costs A4,19009430.0,32439850.0,32439850.0,75965200.0,4355095.0,9111950.0,10374090.0,18673112.03965709,16941055.142525177
Costs A5,63627150.0,132114100.0,132114100.0,222858600.0,21590820.0,108460400.0,12658810.0,63820124.66210528,67229532.5167277
Deaths A1,0.8,0.33,0.33,0.0,0.0,0.66,0.0,0.09506427815303145,0.2734890154053662
Deaths A2,0.14,0.07,0.07,0.0,0.06,0.05,0.14,0.016140355738510716,0.048998518441166594
Deaths A3,0.75,0.38,0.38,0.0,0.06,0.1,0.53,0.08568156856665968,0.25896715009591353
Deaths A4,0.01,0.01,0.01,0.0,0.0,0.0,0.0,0.0009976216073044367,0.0027537292685520754
Deaths A5,0.06,0.05,0.05,0.0,0.02,0.1,0.01,0.006808962198717973,0.021544746633572212
